2
6
7
3
8
9
10
11
12
13
14
15
16
17
4
5
1
18
20
23
24
26
27
28
29
25
30
31
32
34
35
36
37
38
39
33
40
41
42
44
46
45
43
48
47
49
51
50
52
53
54
55
58
59
57
60
61
62
56
63
65
64
67
68
69
70
71
72
66
73
74
75
77
79
78
80
76
82
83
81
86
85
87
88
89
90
91
84
93
94
95
96
97
92
98
100
99
102
103
104
105
107
101
108
109
110
111
112
113
114
115
117
116
118
119
120
121
122
123
124
125
126
127
128
129
130
131
132
133
134
135
136
137
138
139
140
141
142
144
143
145
146
147
148
149
150
151
152
153
22
155
156
157
158
159
160
161
162
163
164
165
19
167
168
169
170
171
154
173
174
175
176
177
178
179
180
181
182
183
184
185
186
187
188
189
190
191
192
193
194
195
196
21
197
199
200
201
202
203
172
205
206
207
208
209
210
211
212
213
214
215
216
217
218
219
166
204
222
223
221
225
226
227
228
229
230
231
224
233
234
235
236
237
238
239
240
241
242
243
244
245
246
247
248
249
250
251
252
253
254
255
256
257
258
259
260
261
262
263
264
265
266
267
268
269
270
271
272
273
274
275
276
277
278
279
280
281
282
283
284
285
286
287
288
289
290
291
292
293
294
295
296
297
298
299
300
301
302
303
304
305
306
307
308
309
310
311
312
313
314
315
316
317
318
319
320
322
321
323
324
325
326
198
328
329
330
331
332
220
334
335
336
337
338
339
340
341
342
343
344
232
346
347
348
349
350
351
352
353
354
355
356
357
358
359
333
345
362
363
364
365
360
367
368
369
370
371
372
373
374
375
376
377
378
379
380
381
382
366
384
385
386
361
106
388
389
390
392
393
394
395
396
397
398
399
400
401
402
403
391
404
383
405
410
409
408
411
412
413
407
414
415
406
418
420
419
417
422
421
423
426
425
427
428
429
430
431
327
416
434
435
387
436
437
438
440
441
442
443
444
445
446
447
439
448
449
450
452
453
454
451
455
433
456
460
461
459
463
464
462
458
466
467
465
469
470
471
468
457
473
474
477
476
478
475
424
432
483
484
481
485
486
482
489
488
487
492
491
490
494
495
493
497
498
501
500
496
503
504
505
502
506
507
499
508
509
510
512
480
511
479
515
516
517
518
472
520
521
522
513
524
514
526
523
528
529
530
531
532
533
534
535
536
537
538
539
540
541
525
543
544
545
546
547
548
549
550
551
552
553
554
542
556
557
558
559
560
527
562
563
564
565
566
555
568
569
561
571
572
573
574
575
576
577
578
579
580
581
570
583
584
585
586
519
588
567
590
591
592
593
594
589
596
597
598
599
582
601
587
603
604
602
606
595
608
600
610
611
612
613
614
615
616
617
618
619
605
621
622
623
624
625
626
627
628
629
607
631
632
633
634
635
636
637
620
630
640
638
639
643
644
645
646
647
609
649
648
651
652
650
642
655
653
657
658
659
656
661
662
663
664
665
654
667
668
669
670
671
672
673
674
675
676
677
678
679
680
681
682
683
684
685
686
687
688
689
690
691
692
693
694
695
666
697
698
699
700
701
702
703
660
705
706
704
708
709
710
711
712
713
714
715
716
717
718
641
696
723
719
724
722
721
727
728
731
726
720
729
733
734
730
736
732
735
738
739
740
742
743
741
745
746
744
748
749
751
707
747
737
754
725
756
757
750
759
760
758
762
763
765
766
761
764
753
767
769
771
772
770
774
755
768
752
779
778
780
776
781
783
785
786
782
787
788
790
784
777
792
794
795
796
793
797
789
798
800
802
799
803
804
801
806
807
805
809
810
808
812
813
815
816
811
814
818
817
819
820
821
822
775
825
826
791
773
823
832
824
834
833
829
835
830
836
838
828
841
827
831
843
845
846
847
848
849
850
839
842
851
844
840
837
853
855
858
861
857
862
859
860
864
863
867
866
865
869
871
868
852
873
874
875
872
876
877
878
879
880
881
882
870
884
856
886
854
888
889
890
883
887
893
885
895
892
897
898
899
900
901
902
903
894
905
906
907
908
896
910
911
912
909
914
915
916
917
918
891
904
921
922
923
924
925
920
927
919
929
930
928
932
913
934
935
936
937
938
939
940
941
942
931
926
945
946
947
948
949
950
944
952
933
954
951
953
957
958
959
960
961
962
963
964
956
966
967
968
969
970
971
972
973
974
975
955
977
978
979
980
981
982
943
984
985
986
965
988
989
990
991
992
993
994
995
996
997
998
999
983
987
976
